3 377
3 360
20 360
20 377

54 65 71 1
131.89 63.93
131.8 95.81
184.01 95.81
184.01 63.93


54 65 71 0
124.18 95.81
124.18 63.93
131.89 63.93
131.8 95.81



255 255 255 1
181.78 66.26
181.69 93.52
159.9 93.52
159.81 66.26



255 255 255 1
159.81 66.26
159.9 93.52
131.83 93.52
131.83 66.35

255 255 255 1
131.83 93.52
131.83 66.35
120 70
120 90

0 65 161 231







251.22 82.1
250.2 299.76
250.16 306.67
253.57 317.37
259.79 327.39
266.85 333.93
275.21 338.34
289.74 341.52
357.46 341.52
360.26 341.52
374.79 338.34
383.15 333.93
390.21 327.39
396.43 317.37
399.84 306.67
399.8 299.76
400.1 296.94
400.39 82.84
399.8 81.24
399.84 74.33
396.43 63.63
390.21 53.61
383.15 47.07
374.79 42.66
360.26 39.48
356.99 40.46
293.97 41.28
289.74 39.48
275.21 42.66
266.85 47.07
259.79 53.61
253.57 63.63
250.16 74.33
250.2 81.24



360.26 341.52
374.79 338.34
383.15 333.93
390.21 327.39
396.43 317.37
399.84 306.67
399.8 299.76
400.1 296.94
400.39 82.84
399.8 81.24
399.84 74.33
396.43 63.63
390.21 53.61
383.15 47.07
374.79 42.66
360.26 39.48
356.99 40.46
357.36 40.48
343.9 41.4
330 42
309.7 43.4
291.73 44.99
278.42 48.32
271.5 52.45
267.24 56.18
260.98 64.83
257.12 76.94
257.12 93.58
257.12 305.06
260.98 317.17
267.24 325.82
271.5 329.55
278.42 333.68
291.73 337.01
309.7 338.6
330 340
343.9 340.6
357.36 341.52



290.26 108.14
314.56 128.44
321.92 117.18
344.5 90.25
321.38 71.65
299.48 99.14

301.91 111.21
310.24 117.97
312.65 114.73
304.59 108.06

322.03 114.63
322.74 113.61
302.82 97.65
302.01 98.61





